glBegin(GL_TRIANGLES);
glVertex3f(0,0,2);
glVertex3f(0,0,0);
glVertex3f(0.813473,0,1.82709);

glVertex3f(0.813473,0,1.82709);
glVertex3f(0,0,0);
glVertex3f(1.48629,0,1.33826);

glVertex3f(1.48629,0,1.33826);
glVertex3f(0,0,0);
glVertex3f(1.90211,0,0.618034);

glVertex3f(1.90211,0,0.618034);
glVertex3f(0,0,0);
glVertex3f(1.98904,0,-0.209057);

glVertex3f(1.98904,0,-0.209057);
glVertex3f(0,0,0);
glVertex3f(1.73205,0,-1);

glVertex3f(1.73205,0,-1);
glVertex3f(0,0,0);
glVertex3f(1.17557,0,-1.61803);

glVertex3f(1.17557,0,-1.61803);
glVertex3f(0,0,0);
glVertex3f(0.415824,0,-1.9563);

glVertex3f(0.415824,0,-1.9563);
glVertex3f(0,0,0);
glVertex3f(-0.415823,0,-1.9563);

glVertex3f(-0.415823,0,-1.9563);
glVertex3f(0,0,0);
glVertex3f(-1.17557,0,-1.61803);

glVertex3f(-1.17557,0,-1.61803);
glVertex3f(0,0,0);
glVertex3f(-1.73205,0,-1);

glVertex3f(-1.73205,0,-1);
glVertex3f(0,0,0);
glVertex3f(-1.98904,0,-0.209057);

glVertex3f(-1.98904,0,-0.209057);
glVertex3f(0,0,0);
glVertex3f(-1.90211,0,0.618034);

glVertex3f(-1.90211,0,0.618034);
glVertex3f(0,0,0);
glVertex3f(-1.48629,0,1.33826);

glVertex3f(-1.48629,0,1.33826);
glVertex3f(0,0,0);
glVertex3f(-0.813474,0,1.82709);

glVertex3f(-0.813474,0,1.82709);
glVertex3f(0,0,0);
glVertex3f(-6.03983e-07,0,2);

glVertex3f(0,0,2);
glVertex3f(0.813473,0,1.82709);
glVertex3f(0.7728,0.2,1.73574);

glVertex3f(0,0,2);
glVertex3f(0.7728,0.2,1.73574);
glVertex3f(0,0.2,1.9);

glVertex3f(0.813473,0,1.82709);
glVertex3f(1.48629,0,1.33826);
glVertex3f(1.41198,0.2,1.27135);

glVertex3f(0.813473,0,1.82709);
glVertex3f(1.41198,0.2,1.27135);
glVertex3f(0.7728,0.2,1.73574);

glVertex3f(1.48629,0,1.33826);
glVertex3f(1.90211,0,0.618034);
glVertex3f(1.80701,0.2,0.587132);

glVertex3f(1.48629,0,1.33826);
glVertex3f(1.80701,0.2,0.587132);
glVertex3f(1.41198,0.2,1.27135);

glVertex3f(1.90211,0,0.618034);
glVertex3f(1.98904,0,-0.209057);
glVertex3f(1.88959,0.2,-0.198604);

glVertex3f(1.90211,0,0.618034);
glVertex3f(1.88959,0.2,-0.198604);
glVertex3f(1.80701,0.2,0.587132);

glVertex3f(1.98904,0,-0.209057);
glVertex3f(1.73205,0,-1);
glVertex3f(1.64545,0.2,-0.95);

glVertex3f(1.98904,0,-0.209057);
glVertex3f(1.64545,0.2,-0.95);
glVertex3f(1.88959,0.2,-0.198604);

glVertex3f(1.73205,0,-1);
glVertex3f(1.17557,0,-1.61803);
glVertex3f(1.11679,0.2,-1.53713);

glVertex3f(1.73205,0,-1);
glVertex3f(1.11679,0.2,-1.53713);
glVertex3f(1.64545,0.2,-0.95);

glVertex3f(1.17557,0,-1.61803);
glVertex3f(0.415824,0,-1.9563);
glVertex3f(0.395032,0.2,-1.85848);

glVertex3f(1.17557,0,-1.61803);
glVertex3f(0.395032,0.2,-1.85848);
glVertex3f(1.11679,0.2,-1.53713);

glVertex3f(0.415824,0,-1.9563);
glVertex3f(-0.415823,0,-1.9563);
glVertex3f(-0.395032,0.2,-1.85848);

glVertex3f(0.415824,0,-1.9563);
glVertex3f(-0.395032,0.2,-1.85848);
glVertex3f(0.395032,0.2,-1.85848);

glVertex3f(-0.415823,0,-1.9563);
glVertex3f(-1.17557,0,-1.61803);
glVertex3f(-1.11679,0.2,-1.53713);

glVertex3f(-0.415823,0,-1.9563);
glVertex3f(-1.11679,0.2,-1.53713);
glVertex3f(-0.395032,0.2,-1.85848);

glVertex3f(-1.17557,0,-1.61803);
glVertex3f(-1.73205,0,-1);
glVertex3f(-1.64545,0.2,-0.95);

glVertex3f(-1.17557,0,-1.61803);
glVertex3f(-1.64545,0.2,-0.95);
glVertex3f(-1.11679,0.2,-1.53713);

glVertex3f(-1.73205,0,-1);
glVertex3f(-1.98904,0,-0.209057);
glVertex3f(-1.88959,0.2,-0.198604);

glVertex3f(-1.73205,0,-1);
glVertex3f(-1.88959,0.2,-0.198604);
glVertex3f(-1.64545,0.2,-0.95);

glVertex3f(-1.98904,0,-0.209057);
glVertex3f(-1.90211,0,0.618034);
glVertex3f(-1.80701,0.2,0.587132);

glVertex3f(-1.98904,0,-0.209057);
glVertex3f(-1.80701,0.2,0.587132);
glVertex3f(-1.88959,0.2,-0.198604);

glVertex3f(-1.90211,0,0.618034);
glVertex3f(-1.48629,0,1.33826);
glVertex3f(-1.41198,0.2,1.27135);

glVertex3f(-1.90211,0,0.618034);
glVertex3f(-1.41198,0.2,1.27135);
glVertex3f(-1.80701,0.2,0.587132);

glVertex3f(-1.48629,0,1.33826);
glVertex3f(-0.813474,0,1.82709);
glVertex3f(-0.7728,0.2,1.73574);

glVertex3f(-1.48629,0,1.33826);
glVertex3f(-0.7728,0.2,1.73574);
glVertex3f(-1.41198,0.2,1.27135);

glVertex3f(-0.813474,0,1.82709);
glVertex3f(-6.03983e-07,0,2);
glVertex3f(-5.73784e-07,0.2,1.9);

glVertex3f(-0.813474,0,1.82709);
glVertex3f(-5.73784e-07,0.2,1.9);
glVertex3f(-0.7728,0.2,1.73574);

glVertex3f(0,0.2,1.9);
glVertex3f(0.7728,0.2,1.73574);
glVertex3f(0.732126,0.4,1.64438);

glVertex3f(0,0.2,1.9);
glVertex3f(0.732126,0.4,1.64438);
glVertex3f(0,0.4,1.8);

glVertex3f(0.7728,0.2,1.73574);
glVertex3f(1.41198,0.2,1.27135);
glVertex3f(1.33766,0.4,1.20444);

glVertex3f(0.7728,0.2,1.73574);
glVertex3f(1.33766,0.4,1.20444);
glVertex3f(0.732126,0.4,1.64438);

glVertex3f(1.41198,0.2,1.27135);
glVertex3f(1.80701,0.2,0.587132);
glVertex3f(1.7119,0.4,0.556231);

glVertex3f(1.41198,0.2,1.27135);
glVertex3f(1.7119,0.4,0.556231);
glVertex3f(1.33766,0.4,1.20444);

glVertex3f(1.80701,0.2,0.587132);
glVertex3f(1.88959,0.2,-0.198604);
glVertex3f(1.79014,0.4,-0.188151);

glVertex3f(1.80701,0.2,0.587132);
glVertex3f(1.79014,0.4,-0.188151);
glVertex3f(1.7119,0.4,0.556231);

glVertex3f(1.88959,0.2,-0.198604);
glVertex3f(1.64545,0.2,-0.95);
glVertex3f(1.55885,0.4,-0.9);

glVertex3f(1.88959,0.2,-0.198604);
glVertex3f(1.55885,0.4,-0.9);
glVertex3f(1.79014,0.4,-0.188151);

glVertex3f(1.64545,0.2,-0.95);
glVertex3f(1.11679,0.2,-1.53713);
glVertex3f(1.05801,0.4,-1.45623);

glVertex3f(1.64545,0.2,-0.95);
glVertex3f(1.05801,0.4,-1.45623);
glVertex3f(1.55885,0.4,-0.9);

glVertex3f(1.11679,0.2,-1.53713);
glVertex3f(0.395032,0.2,-1.85848);
glVertex3f(0.374241,0.4,-1.76067);

glVertex3f(1.11679,0.2,-1.53713);
glVertex3f(0.374241,0.4,-1.76067);
glVertex3f(1.05801,0.4,-1.45623);

glVertex3f(0.395032,0.2,-1.85848);
glVertex3f(-0.395032,0.2,-1.85848);
glVertex3f(-0.374241,0.4,-1.76067);

glVertex3f(0.395032,0.2,-1.85848);
glVertex3f(-0.374241,0.4,-1.76067);
glVertex3f(0.374241,0.4,-1.76067);

glVertex3f(-0.395032,0.2,-1.85848);
glVertex3f(-1.11679,0.2,-1.53713);
glVertex3f(-1.05801,0.4,-1.45623);

glVertex3f(-0.395032,0.2,-1.85848);
glVertex3f(-1.05801,0.4,-1.45623);
glVertex3f(-0.374241,0.4,-1.76067);

glVertex3f(-1.11679,0.2,-1.53713);
glVertex3f(-1.64545,0.2,-0.95);
glVertex3f(-1.55885,0.4,-0.9);

glVertex3f(-1.11679,0.2,-1.53713);
glVertex3f(-1.55885,0.4,-0.9);
glVertex3f(-1.05801,0.4,-1.45623);

glVertex3f(-1.64545,0.2,-0.95);
glVertex3f(-1.88959,0.2,-0.198604);
glVertex3f(-1.79014,0.4,-0.188152);

glVertex3f(-1.64545,0.2,-0.95);
glVertex3f(-1.79014,0.4,-0.188152);
glVertex3f(-1.55885,0.4,-0.9);

glVertex3f(-1.88959,0.2,-0.198604);
glVertex3f(-1.80701,0.2,0.587132);
glVertex3f(-1.7119,0.4,0.55623);

glVertex3f(-1.88959,0.2,-0.198604);
glVertex3f(-1.7119,0.4,0.55623);
glVertex3f(-1.79014,0.4,-0.188152);

glVertex3f(-1.80701,0.2,0.587132);
glVertex3f(-1.41198,0.2,1.27135);
glVertex3f(-1.33766,0.4,1.20443);

glVertex3f(-1.80701,0.2,0.587132);
glVertex3f(-1.33766,0.4,1.20443);
glVertex3f(-1.7119,0.4,0.55623);

glVertex3f(-1.41198,0.2,1.27135);
glVertex3f(-0.7728,0.2,1.73574);
glVertex3f(-0.732126,0.4,1.64438);

glVertex3f(-1.41198,0.2,1.27135);
glVertex3f(-0.732126,0.4,1.64438);
glVertex3f(-1.33766,0.4,1.20443);

glVertex3f(-0.7728,0.2,1.73574);
glVertex3f(-5.73784e-07,0.2,1.9);
glVertex3f(-5.43585e-07,0.4,1.8);

glVertex3f(-0.7728,0.2,1.73574);
glVertex3f(-5.43585e-07,0.4,1.8);
glVertex3f(-0.732126,0.4,1.64438);

glVertex3f(0,0.4,1.8);
glVertex3f(0.732126,0.4,1.64438);
glVertex3f(0.691452,0.6,1.55303);

glVertex3f(0,0.4,1.8);
glVertex3f(0.691452,0.6,1.55303);
glVertex3f(0,0.6,1.7);

glVertex3f(0.732126,0.4,1.64438);
glVertex3f(1.33766,0.4,1.20444);
glVertex3f(1.26335,0.6,1.13752);

glVertex3f(0.732126,0.4,1.64438);
glVertex3f(1.26335,0.6,1.13752);
glVertex3f(0.691452,0.6,1.55303);

glVertex3f(1.33766,0.4,1.20444);
glVertex3f(1.7119,0.4,0.556231);
glVertex3f(1.6168,0.6,0.525329);

glVertex3f(1.33766,0.4,1.20444);
glVertex3f(1.6168,0.6,0.525329);
glVertex3f(1.26335,0.6,1.13752);

glVertex3f(1.7119,0.4,0.556231);
glVertex3f(1.79014,0.4,-0.188151);
glVertex3f(1.69069,0.6,-0.177698);

glVertex3f(1.7119,0.4,0.556231);
glVertex3f(1.69069,0.6,-0.177698);
glVertex3f(1.6168,0.6,0.525329);

glVertex3f(1.79014,0.4,-0.188151);
glVertex3f(1.55885,0.4,-0.9);
glVertex3f(1.47224,0.6,-0.85);

glVertex3f(1.79014,0.4,-0.188151);
glVertex3f(1.47224,0.6,-0.85);
glVertex3f(1.69069,0.6,-0.177698);

glVertex3f(1.55885,0.4,-0.9);
glVertex3f(1.05801,0.4,-1.45623);
glVertex3f(0.999235,0.6,-1.37533);

glVertex3f(1.55885,0.4,-0.9);
glVertex3f(0.999235,0.6,-1.37533);
glVertex3f(1.47224,0.6,-0.85);

glVertex3f(1.05801,0.4,-1.45623);
glVertex3f(0.374241,0.4,-1.76067);
glVertex3f(0.35345,0.6,-1.66285);

glVertex3f(1.05801,0.4,-1.45623);
glVertex3f(0.35345,0.6,-1.66285);
glVertex3f(0.999235,0.6,-1.37533);

glVertex3f(0.374241,0.4,-1.76067);
glVertex3f(-0.374241,0.4,-1.76067);
glVertex3f(-0.35345,0.6,-1.66285);

glVertex3f(0.374241,0.4,-1.76067);
glVertex3f(-0.35345,0.6,-1.66285);
glVertex3f(0.35345,0.6,-1.66285);

glVertex3f(-0.374241,0.4,-1.76067);
glVertex3f(-1.05801,0.4,-1.45623);
glVertex3f(-0.999235,0.6,-1.37533);

glVertex3f(-0.374241,0.4,-1.76067);
glVertex3f(-0.999235,0.6,-1.37533);
glVertex3f(-0.35345,0.6,-1.66285);

glVertex3f(-1.05801,0.4,-1.45623);
glVertex3f(-1.55885,0.4,-0.9);
glVertex3f(-1.47224,0.6,-0.85);

glVertex3f(-1.05801,0.4,-1.45623);
glVertex3f(-1.47224,0.6,-0.85);
glVertex3f(-0.999235,0.6,-1.37533);

glVertex3f(-1.55885,0.4,-0.9);
glVertex3f(-1.79014,0.4,-0.188152);
glVertex3f(-1.69069,0.6,-0.177699);

glVertex3f(-1.55885,0.4,-0.9);
glVertex3f(-1.69069,0.6,-0.177699);
glVertex3f(-1.47224,0.6,-0.85);

glVertex3f(-1.79014,0.4,-0.188152);
glVertex3f(-1.7119,0.4,0.55623);
glVertex3f(-1.6168,0.6,0.525329);

glVertex3f(-1.79014,0.4,-0.188152);
glVertex3f(-1.6168,0.6,0.525329);
glVertex3f(-1.69069,0.6,-0.177699);

glVertex3f(-1.7119,0.4,0.55623);
glVertex3f(-1.33766,0.4,1.20443);
glVertex3f(-1.26335,0.6,1.13752);

glVertex3f(-1.7119,0.4,0.55623);
glVertex3f(-1.26335,0.6,1.13752);
glVertex3f(-1.6168,0.6,0.525329);

glVertex3f(-1.33766,0.4,1.20443);
glVertex3f(-0.732126,0.4,1.64438);
glVertex3f(-0.691453,0.6,1.55303);

glVertex3f(-1.33766,0.4,1.20443);
glVertex3f(-0.691453,0.6,1.55303);
glVertex3f(-1.26335,0.6,1.13752);

glVertex3f(-0.732126,0.4,1.64438);
glVertex3f(-5.43585e-07,0.4,1.8);
glVertex3f(-5.13386e-07,0.6,1.7);

glVertex3f(-0.732126,0.4,1.64438);
glVertex3f(-5.13386e-07,0.6,1.7);
glVertex3f(-0.691453,0.6,1.55303);

glVertex3f(0,0.6,1.7);
glVertex3f(0.691452,0.6,1.55303);
glVertex3f(0.650779,0.8,1.46167);

glVertex3f(0,0.6,1.7);
glVertex3f(0.650779,0.8,1.46167);
glVertex3f(0,0.8,1.6);

glVertex3f(0.691452,0.6,1.55303);
glVertex3f(1.26335,0.6,1.13752);
glVertex3f(1.18903,0.8,1.07061);

glVertex3f(0.691452,0.6,1.55303);
glVertex3f(1.18903,0.8,1.07061);
glVertex3f(0.650779,0.8,1.46167);

glVertex3f(1.26335,0.6,1.13752);
glVertex3f(1.6168,0.6,0.525329);
glVertex3f(1.52169,0.8,0.494427);

glVertex3f(1.26335,0.6,1.13752);
glVertex3f(1.52169,0.8,0.494427);
glVertex3f(1.18903,0.8,1.07061);

glVertex3f(1.6168,0.6,0.525329);
glVertex3f(1.69069,0.6,-0.177698);
glVertex3f(1.59124,0.8,-0.167245);

glVertex3f(1.6168,0.6,0.525329);
glVertex3f(1.59124,0.8,-0.167245);
glVertex3f(1.52169,0.8,0.494427);

glVertex3f(1.69069,0.6,-0.177698);
glVertex3f(1.47224,0.6,-0.85);
glVertex3f(1.38564,0.8,-0.8);

glVertex3f(1.69069,0.6,-0.177698);
glVertex3f(1.38564,0.8,-0.8);
glVertex3f(1.59124,0.8,-0.167245);

glVertex3f(1.47224,0.6,-0.85);
glVertex3f(0.999235,0.6,-1.37533);
glVertex3f(0.940457,0.8,-1.29443);

glVertex3f(1.47224,0.6,-0.85);
glVertex3f(0.940457,0.8,-1.29443);
glVertex3f(1.38564,0.8,-0.8);

glVertex3f(0.999235,0.6,-1.37533);
glVertex3f(0.35345,0.6,-1.66285);
glVertex3f(0.332659,0.8,-1.56504);

glVertex3f(0.999235,0.6,-1.37533);
glVertex3f(0.332659,0.8,-1.56504);
glVertex3f(0.940457,0.8,-1.29443);

glVertex3f(0.35345,0.6,-1.66285);
glVertex3f(-0.35345,0.6,-1.66285);
glVertex3f(-0.332658,0.8,-1.56504);

glVertex3f(0.35345,0.6,-1.66285);
glVertex3f(-0.332658,0.8,-1.56504);
glVertex3f(0.332659,0.8,-1.56504);

glVertex3f(-0.35345,0.6,-1.66285);
glVertex3f(-0.999235,0.6,-1.37533);
glVertex3f(-0.940456,0.8,-1.29443);

glVertex3f(-0.35345,0.6,-1.66285);
glVertex3f(-0.940456,0.8,-1.29443);
glVertex3f(-0.332658,0.8,-1.56504);

glVertex3f(-0.999235,0.6,-1.37533);
glVertex3f(-1.47224,0.6,-0.85);
glVertex3f(-1.38564,0.8,-0.8);

glVertex3f(-0.999235,0.6,-1.37533);
glVertex3f(-1.38564,0.8,-0.8);
glVertex3f(-0.940456,0.8,-1.29443);

glVertex3f(-1.47224,0.6,-0.85);
glVertex3f(-1.69069,0.6,-0.177699);
glVertex3f(-1.59124,0.8,-0.167246);

glVertex3f(-1.47224,0.6,-0.85);
glVertex3f(-1.59124,0.8,-0.167246);
glVertex3f(-1.38564,0.8,-0.8);

glVertex3f(-1.69069,0.6,-0.177699);
glVertex3f(-1.6168,0.6,0.525329);
glVertex3f(-1.52169,0.8,0.494427);

glVertex3f(-1.69069,0.6,-0.177699);
glVertex3f(-1.52169,0.8,0.494427);
glVertex3f(-1.59124,0.8,-0.167246);

glVertex3f(-1.6168,0.6,0.525329);
glVertex3f(-1.26335,0.6,1.13752);
glVertex3f(-1.18903,0.8,1.07061);

glVertex3f(-1.6168,0.6,0.525329);
glVertex3f(-1.18903,0.8,1.07061);
glVertex3f(-1.52169,0.8,0.494427);

glVertex3f(-1.26335,0.6,1.13752);
glVertex3f(-0.691453,0.6,1.55303);
glVertex3f(-0.650779,0.8,1.46167);

glVertex3f(-1.26335,0.6,1.13752);
glVertex3f(-0.650779,0.8,1.46167);
glVertex3f(-1.18903,0.8,1.07061);

glVertex3f(-0.691453,0.6,1.55303);
glVertex3f(-5.13386e-07,0.6,1.7);
glVertex3f(-4.83187e-07,0.8,1.6);

glVertex3f(-0.691453,0.6,1.55303);
glVertex3f(-4.83187e-07,0.8,1.6);
glVertex3f(-0.650779,0.8,1.46167);

glVertex3f(0,0.8,1.6);
glVertex3f(0.650779,0.8,1.46167);
glVertex3f(0.610105,1,1.37032);

glVertex3f(0,0.8,1.6);
glVertex3f(0.610105,1,1.37032);
glVertex3f(0,1,1.5);

glVertex3f(0.650779,0.8,1.46167);
glVertex3f(1.18903,0.8,1.07061);
glVertex3f(1.11472,1,1.0037);

glVertex3f(0.650779,0.8,1.46167);
glVertex3f(1.11472,1,1.0037);
glVertex3f(0.610105,1,1.37032);

glVertex3f(1.18903,0.8,1.07061);
glVertex3f(1.52169,0.8,0.494427);
glVertex3f(1.42658,1,0.463526);

glVertex3f(1.18903,0.8,1.07061);
glVertex3f(1.42658,1,0.463526);
glVertex3f(1.11472,1,1.0037);

glVertex3f(1.52169,0.8,0.494427);
glVertex3f(1.59124,0.8,-0.167245);
glVertex3f(1.49178,1,-0.156793);

glVertex3f(1.52169,0.8,0.494427);
glVertex3f(1.49178,1,-0.156793);
glVertex3f(1.42658,1,0.463526);

glVertex3f(1.59124,0.8,-0.167245);
glVertex3f(1.38564,0.8,-0.8);
glVertex3f(1.29904,1,-0.75);

glVertex3f(1.59124,0.8,-0.167245);
glVertex3f(1.29904,1,-0.75);
glVertex3f(1.49178,1,-0.156793);

glVertex3f(1.38564,0.8,-0.8);
glVertex3f(0.940457,0.8,-1.29443);
glVertex3f(0.881678,1,-1.21353);

glVertex3f(1.38564,0.8,-0.8);
glVertex3f(0.881678,1,-1.21353);
glVertex3f(1.29904,1,-0.75);

glVertex3f(0.940457,0.8,-1.29443);
glVertex3f(0.332659,0.8,-1.56504);
glVertex3f(0.311868,1,-1.46722);

glVertex3f(0.940457,0.8,-1.29443);
glVertex3f(0.311868,1,-1.46722);
glVertex3f(0.881678,1,-1.21353);

glVertex3f(0.332659,0.8,-1.56504);
glVertex3f(-0.332658,0.8,-1.56504);
glVertex3f(-0.311867,1,-1.46722);

glVertex3f(0.332659,0.8,-1.56504);
glVertex3f(-0.311867,1,-1.46722);
glVertex3f(0.311868,1,-1.46722);

glVertex3f(-0.332658,0.8,-1.56504);
glVertex3f(-0.940456,0.8,-1.29443);
glVertex3f(-0.881678,1,-1.21353);

glVertex3f(-0.332658,0.8,-1.56504);
glVertex3f(-0.881678,1,-1.21353);
glVertex3f(-0.311867,1,-1.46722);

glVertex3f(-0.940456,0.8,-1.29443);
glVertex3f(-1.38564,0.8,-0.8);
glVertex3f(-1.29904,1,-0.75);

glVertex3f(-0.940456,0.8,-1.29443);
glVertex3f(-1.29904,1,-0.75);
glVertex3f(-0.881678,1,-1.21353);

glVertex3f(-1.38564,0.8,-0.8);
glVertex3f(-1.59124,0.8,-0.167246);
glVertex3f(-1.49178,1,-0.156793);

glVertex3f(-1.38564,0.8,-0.8);
glVertex3f(-1.49178,1,-0.156793);
glVertex3f(-1.29904,1,-0.75);

glVertex3f(-1.59124,0.8,-0.167246);
glVertex3f(-1.52169,0.8,0.494427);
glVertex3f(-1.42658,1,0.463525);

glVertex3f(-1.59124,0.8,-0.167246);
glVertex3f(-1.42658,1,0.463525);
glVertex3f(-1.49178,1,-0.156793);

glVertex3f(-1.52169,0.8,0.494427);
glVertex3f(-1.18903,0.8,1.07061);
glVertex3f(-1.11472,1,1.0037);

glVertex3f(-1.52169,0.8,0.494427);
glVertex3f(-1.11472,1,1.0037);
glVertex3f(-1.42658,1,0.463525);

glVertex3f(-1.18903,0.8,1.07061);
glVertex3f(-0.650779,0.8,1.46167);
glVertex3f(-0.610105,1,1.37032);

glVertex3f(-1.18903,0.8,1.07061);
glVertex3f(-0.610105,1,1.37032);
glVertex3f(-1.11472,1,1.0037);

glVertex3f(-0.650779,0.8,1.46167);
glVertex3f(-4.83187e-07,0.8,1.6);
glVertex3f(-4.52987e-07,1,1.5);

glVertex3f(-0.650779,0.8,1.46167);
glVertex3f(-4.52987e-07,1,1.5);
glVertex3f(-0.610105,1,1.37032);

glVertex3f(0,1,1.5);
glVertex3f(0.610105,1,1.37032);
glVertex3f(0.569431,1.2,1.27896);

glVertex3f(0,1,1.5);
glVertex3f(0.569431,1.2,1.27896);
glVertex3f(0,1.2,1.4);

glVertex3f(0.610105,1,1.37032);
glVertex3f(1.11472,1,1.0037);
glVertex3f(1.0404,1.2,0.936783);

glVertex3f(0.610105,1,1.37032);
glVertex3f(1.0404,1.2,0.936783);
glVertex3f(0.569431,1.2,1.27896);

glVertex3f(1.11472,1,1.0037);
glVertex3f(1.42658,1,0.463526);
glVertex3f(1.33148,1.2,0.432624);

glVertex3f(1.11472,1,1.0037);
glVertex3f(1.33148,1.2,0.432624);
glVertex3f(1.0404,1.2,0.936783);

glVertex3f(1.42658,1,0.463526);
glVertex3f(1.49178,1,-0.156793);
glVertex3f(1.39233,1.2,-0.14634);

glVertex3f(1.42658,1,0.463526);
glVertex3f(1.39233,1.2,-0.14634);
glVertex3f(1.33148,1.2,0.432624);

glVertex3f(1.49178,1,-0.156793);
glVertex3f(1.29904,1,-0.75);
glVertex3f(1.21244,1.2,-0.7);

glVertex3f(1.49178,1,-0.156793);
glVertex3f(1.21244,1.2,-0.7);
glVertex3f(1.39233,1.2,-0.14634);

glVertex3f(1.29904,1,-0.75);
glVertex3f(0.881678,1,-1.21353);
glVertex3f(0.822899,1.2,-1.13262);

glVertex3f(1.29904,1,-0.75);
glVertex3f(0.822899,1.2,-1.13262);
glVertex3f(1.21244,1.2,-0.7);

glVertex3f(0.881678,1,-1.21353);
glVertex3f(0.311868,1,-1.46722);
glVertex3f(0.291077,1.2,-1.36941);

glVertex3f(0.881678,1,-1.21353);
glVertex3f(0.291077,1.2,-1.36941);
glVertex3f(0.822899,1.2,-1.13262);

glVertex3f(0.311868,1,-1.46722);
glVertex3f(-0.311867,1,-1.46722);
glVertex3f(-0.291076,1.2,-1.36941);

glVertex3f(0.311868,1,-1.46722);
glVertex3f(-0.291076,1.2,-1.36941);
glVertex3f(0.291077,1.2,-1.36941);

glVertex3f(-0.311867,1,-1.46722);
glVertex3f(-0.881678,1,-1.21353);
glVertex3f(-0.822899,1.2,-1.13262);

glVertex3f(-0.311867,1,-1.46722);
glVertex3f(-0.822899,1.2,-1.13262);
glVertex3f(-0.291076,1.2,-1.36941);

glVertex3f(-0.881678,1,-1.21353);
glVertex3f(-1.29904,1,-0.75);
glVertex3f(-1.21244,1.2,-0.7);

glVertex3f(-0.881678,1,-1.21353);
glVertex3f(-1.21244,1.2,-0.7);
glVertex3f(-0.822899,1.2,-1.13262);

glVertex3f(-1.29904,1,-0.75);
glVertex3f(-1.49178,1,-0.156793);
glVertex3f(-1.39233,1.2,-0.14634);

glVertex3f(-1.29904,1,-0.75);
glVertex3f(-1.39233,1.2,-0.14634);
glVertex3f(-1.21244,1.2,-0.7);

glVertex3f(-1.49178,1,-0.156793);
glVertex3f(-1.42658,1,0.463525);
glVertex3f(-1.33148,1.2,0.432623);

glVertex3f(-1.49178,1,-0.156793);
glVertex3f(-1.33148,1.2,0.432623);
glVertex3f(-1.39233,1.2,-0.14634);

glVertex3f(-1.42658,1,0.463525);
glVertex3f(-1.11472,1,1.0037);
glVertex3f(-1.0404,1.2,0.936783);

glVertex3f(-1.42658,1,0.463525);
glVertex3f(-1.0404,1.2,0.936783);
glVertex3f(-1.33148,1.2,0.432623);

glVertex3f(-1.11472,1,1.0037);
glVertex3f(-0.610105,1,1.37032);
glVertex3f(-0.569432,1.2,1.27896);

glVertex3f(-1.11472,1,1.0037);
glVertex3f(-0.569432,1.2,1.27896);
glVertex3f(-1.0404,1.2,0.936783);

glVertex3f(-0.610105,1,1.37032);
glVertex3f(-4.52987e-07,1,1.5);
glVertex3f(-4.22788e-07,1.2,1.4);

glVertex3f(-0.610105,1,1.37032);
glVertex3f(-4.22788e-07,1.2,1.4);
glVertex3f(-0.569432,1.2,1.27896);

glVertex3f(0,1.2,1.4);
glVertex3f(0.569431,1.2,1.27896);
glVertex3f(0.528758,1.4,1.18761);

glVertex3f(0,1.2,1.4);
glVertex3f(0.528758,1.4,1.18761);
glVertex3f(0,1.4,1.3);

glVertex3f(0.569431,1.2,1.27896);
glVertex3f(1.0404,1.2,0.936783);
glVertex3f(0.966088,1.4,0.86987);

glVertex3f(0.569431,1.2,1.27896);
glVertex3f(0.966088,1.4,0.86987);
glVertex3f(0.528758,1.4,1.18761);

glVertex3f(1.0404,1.2,0.936783);
glVertex3f(1.33148,1.2,0.432624);
glVertex3f(1.23637,1.4,0.401722);

glVertex3f(1.0404,1.2,0.936783);
glVertex3f(1.23637,1.4,0.401722);
glVertex3f(0.966088,1.4,0.86987);

glVertex3f(1.33148,1.2,0.432624);
glVertex3f(1.39233,1.2,-0.14634);
glVertex3f(1.29288,1.4,-0.135887);

glVertex3f(1.33148,1.2,0.432624);
glVertex3f(1.29288,1.4,-0.135887);
glVertex3f(1.23637,1.4,0.401722);

glVertex3f(1.39233,1.2,-0.14634);
glVertex3f(1.21244,1.2,-0.7);
glVertex3f(1.12583,1.4,-0.65);

glVertex3f(1.39233,1.2,-0.14634);
glVertex3f(1.12583,1.4,-0.65);
glVertex3f(1.29288,1.4,-0.135887);

glVertex3f(1.21244,1.2,-0.7);
glVertex3f(0.822899,1.2,-1.13262);
glVertex3f(0.764121,1.4,-1.05172);

glVertex3f(1.21244,1.2,-0.7);
glVertex3f(0.764121,1.4,-1.05172);
glVertex3f(1.12583,1.4,-0.65);

glVertex3f(0.822899,1.2,-1.13262);
glVertex3f(0.291077,1.2,-1.36941);
glVertex3f(0.270285,1.4,-1.27159);

glVertex3f(0.822899,1.2,-1.13262);
glVertex3f(0.270285,1.4,-1.27159);
glVertex3f(0.764121,1.4,-1.05172);

glVertex3f(0.291077,1.2,-1.36941);
glVertex3f(-0.291076,1.2,-1.36941);
glVertex3f(-0.270285,1.4,-1.27159);

glVertex3f(0.291077,1.2,-1.36941);
glVertex3f(-0.270285,1.4,-1.27159);
glVertex3f(0.270285,1.4,-1.27159);

glVertex3f(-0.291076,1.2,-1.36941);
glVertex3f(-0.822899,1.2,-1.13262);
glVertex3f(-0.764121,1.4,-1.05172);

glVertex3f(-0.291076,1.2,-1.36941);
glVertex3f(-0.764121,1.4,-1.05172);
glVertex3f(-0.270285,1.4,-1.27159);

glVertex3f(-0.822899,1.2,-1.13262);
glVertex3f(-1.21244,1.2,-0.7);
glVertex3f(-1.12583,1.4,-0.65);

glVertex3f(-0.822899,1.2,-1.13262);
glVertex3f(-1.12583,1.4,-0.65);
glVertex3f(-0.764121,1.4,-1.05172);

glVertex3f(-1.21244,1.2,-0.7);
glVertex3f(-1.39233,1.2,-0.14634);
glVertex3f(-1.29288,1.4,-0.135887);

glVertex3f(-1.21244,1.2,-0.7);
glVertex3f(-1.29288,1.4,-0.135887);
glVertex3f(-1.12583,1.4,-0.65);

glVertex3f(-1.39233,1.2,-0.14634);
glVertex3f(-1.33148,1.2,0.432623);
glVertex3f(-1.23637,1.4,0.401722);

glVertex3f(-1.39233,1.2,-0.14634);
glVertex3f(-1.23637,1.4,0.401722);
glVertex3f(-1.29288,1.4,-0.135887);

glVertex3f(-1.33148,1.2,0.432623);
glVertex3f(-1.0404,1.2,0.936783);
glVertex3f(-0.966088,1.4,0.86987);

glVertex3f(-1.33148,1.2,0.432623);
glVertex3f(-0.966088,1.4,0.86987);
glVertex3f(-1.23637,1.4,0.401722);

glVertex3f(-1.0404,1.2,0.936783);
glVertex3f(-0.569432,1.2,1.27896);
glVertex3f(-0.528758,1.4,1.18761);

glVertex3f(-1.0404,1.2,0.936783);
glVertex3f(-0.528758,1.4,1.18761);
glVertex3f(-0.966088,1.4,0.86987);

glVertex3f(-0.569432,1.2,1.27896);
glVertex3f(-4.22788e-07,1.2,1.4);
glVertex3f(-3.92589e-07,1.4,1.3);

glVertex3f(-0.569432,1.2,1.27896);
glVertex3f(-3.92589e-07,1.4,1.3);
glVertex3f(-0.528758,1.4,1.18761);

glVertex3f(0,1.4,1.3);
glVertex3f(0.528758,1.4,1.18761);
glVertex3f(0.488084,1.6,1.09625);

glVertex3f(0,1.4,1.3);
glVertex3f(0.488084,1.6,1.09625);
glVertex3f(0,1.6,1.2);

glVertex3f(0.528758,1.4,1.18761);
glVertex3f(0.966088,1.4,0.86987);
glVertex3f(0.891774,1.6,0.802957);

glVertex3f(0.528758,1.4,1.18761);
glVertex3f(0.891774,1.6,0.802957);
glVertex3f(0.488084,1.6,1.09625);

glVertex3f(0.966088,1.4,0.86987);
glVertex3f(1.23637,1.4,0.401722);
glVertex3f(1.14127,1.6,0.37082);

glVertex3f(0.966088,1.4,0.86987);
glVertex3f(1.14127,1.6,0.37082);
glVertex3f(0.891774,1.6,0.802957);

glVertex3f(1.23637,1.4,0.401722);
glVertex3f(1.29288,1.4,-0.135887);
glVertex3f(1.19343,1.6,-0.125434);

glVertex3f(1.23637,1.4,0.401722);
glVertex3f(1.19343,1.6,-0.125434);
glVertex3f(1.14127,1.6,0.37082);

glVertex3f(1.29288,1.4,-0.135887);
glVertex3f(1.12583,1.4,-0.65);
glVertex3f(1.03923,1.6,-0.6);

glVertex3f(1.29288,1.4,-0.135887);
glVertex3f(1.03923,1.6,-0.6);
glVertex3f(1.19343,1.6,-0.125434);

glVertex3f(1.12583,1.4,-0.65);
glVertex3f(0.764121,1.4,-1.05172);
glVertex3f(0.705342,1.6,-0.97082);

glVertex3f(1.12583,1.4,-0.65);
glVertex3f(0.705342,1.6,-0.97082);
glVertex3f(1.03923,1.6,-0.6);

glVertex3f(0.764121,1.4,-1.05172);
glVertex3f(0.270285,1.4,-1.27159);
glVertex3f(0.249494,1.6,-1.17378);

glVertex3f(0.764121,1.4,-1.05172);
glVertex3f(0.249494,1.6,-1.17378);
glVertex3f(0.705342,1.6,-0.97082);

glVertex3f(0.270285,1.4,-1.27159);
glVertex3f(-0.270285,1.4,-1.27159);
glVertex3f(-0.249494,1.6,-1.17378);

glVertex3f(0.270285,1.4,-1.27159);
glVertex3f(-0.249494,1.6,-1.17378);
glVertex3f(0.249494,1.6,-1.17378);

glVertex3f(-0.270285,1.4,-1.27159);
glVertex3f(-0.764121,1.4,-1.05172);
glVertex3f(-0.705342,1.6,-0.970821);

glVertex3f(-0.270285,1.4,-1.27159);
glVertex3f(-0.705342,1.6,-0.970821);
glVertex3f(-0.249494,1.6,-1.17378);

glVertex3f(-0.764121,1.4,-1.05172);
glVertex3f(-1.12583,1.4,-0.65);
glVertex3f(-1.03923,1.6,-0.6);

glVertex3f(-0.764121,1.4,-1.05172);
glVertex3f(-1.03923,1.6,-0.6);
glVertex3f(-0.705342,1.6,-0.970821);

glVertex3f(-1.12583,1.4,-0.65);
glVertex3f(-1.29288,1.4,-0.135887);
glVertex3f(-1.19343,1.6,-0.125434);

glVertex3f(-1.12583,1.4,-0.65);
glVertex3f(-1.19343,1.6,-0.125434);
glVertex3f(-1.03923,1.6,-0.6);

glVertex3f(-1.29288,1.4,-0.135887);
glVertex3f(-1.23637,1.4,0.401722);
glVertex3f(-1.14127,1.6,0.37082);

glVertex3f(-1.29288,1.4,-0.135887);
glVertex3f(-1.14127,1.6,0.37082);
glVertex3f(-1.19343,1.6,-0.125434);

glVertex3f(-1.23637,1.4,0.401722);
glVertex3f(-0.966088,1.4,0.86987);
glVertex3f(-0.891774,1.6,0.802957);

glVertex3f(-1.23637,1.4,0.401722);
glVertex3f(-0.891774,1.6,0.802957);
glVertex3f(-1.14127,1.6,0.37082);

glVertex3f(-0.966088,1.4,0.86987);
glVertex3f(-0.528758,1.4,1.18761);
glVertex3f(-0.488084,1.6,1.09625);

glVertex3f(-0.966088,1.4,0.86987);
glVertex3f(-0.488084,1.6,1.09625);
glVertex3f(-0.891774,1.6,0.802957);

glVertex3f(-0.528758,1.4,1.18761);
glVertex3f(-3.92589e-07,1.4,1.3);
glVertex3f(-3.6239e-07,1.6,1.2);

glVertex3f(-0.528758,1.4,1.18761);
glVertex3f(-3.6239e-07,1.6,1.2);
glVertex3f(-0.488084,1.6,1.09625);

glVertex3f(0,1.6,1.2);
glVertex3f(0.488084,1.6,1.09625);
glVertex3f(0.44741,1.8,1.0049);

glVertex3f(0,1.6,1.2);
glVertex3f(0.44741,1.8,1.0049);
glVertex3f(0,1.8,1.1);

glVertex3f(0.488084,1.6,1.09625);
glVertex3f(0.891774,1.6,0.802957);
glVertex3f(0.817459,1.8,0.736044);

glVertex3f(0.488084,1.6,1.09625);
glVertex3f(0.817459,1.8,0.736044);
glVertex3f(0.44741,1.8,1.0049);

glVertex3f(0.891774,1.6,0.802957);
glVertex3f(1.14127,1.6,0.37082);
glVertex3f(1.04616,1.8,0.339919);

glVertex3f(0.891774,1.6,0.802957);
glVertex3f(1.04616,1.8,0.339919);
glVertex3f(0.817459,1.8,0.736044);

glVertex3f(1.14127,1.6,0.37082);
glVertex3f(1.19343,1.6,-0.125434);
glVertex3f(1.09397,1.8,-0.114981);

glVertex3f(1.14127,1.6,0.37082);
glVertex3f(1.09397,1.8,-0.114981);
glVertex3f(1.04616,1.8,0.339919);

glVertex3f(1.19343,1.6,-0.125434);
glVertex3f(1.03923,1.6,-0.6);
glVertex3f(0.952628,1.8,-0.55);

glVertex3f(1.19343,1.6,-0.125434);
glVertex3f(0.952628,1.8,-0.55);
glVertex3f(1.09397,1.8,-0.114981);

glVertex3f(1.03923,1.6,-0.6);
glVertex3f(0.705342,1.6,-0.97082);
glVertex3f(0.646564,1.8,-0.889919);

glVertex3f(1.03923,1.6,-0.6);
glVertex3f(0.646564,1.8,-0.889919);
glVertex3f(0.952628,1.8,-0.55);

glVertex3f(0.705342,1.6,-0.97082);
glVertex3f(0.249494,1.6,-1.17378);
glVertex3f(0.228703,1.8,-1.07596);

glVertex3f(0.705342,1.6,-0.97082);
glVertex3f(0.228703,1.8,-1.07596);
glVertex3f(0.646564,1.8,-0.889919);

glVertex3f(0.249494,1.6,-1.17378);
glVertex3f(-0.249494,1.6,-1.17378);
glVertex3f(-0.228703,1.8,-1.07596);

glVertex3f(0.249494,1.6,-1.17378);
glVertex3f(-0.228703,1.8,-1.07596);
glVertex3f(0.228703,1.8,-1.07596);

glVertex3f(-0.249494,1.6,-1.17378);
glVertex3f(-0.705342,1.6,-0.970821);
glVertex3f(-0.646564,1.8,-0.889919);

glVertex3f(-0.249494,1.6,-1.17378);
glVertex3f(-0.646564,1.8,-0.889919);
glVertex3f(-0.228703,1.8,-1.07596);

glVertex3f(-0.705342,1.6,-0.970821);
glVertex3f(-1.03923,1.6,-0.6);
glVertex3f(-0.952628,1.8,-0.55);

glVertex3f(-0.705342,1.6,-0.970821);
glVertex3f(-0.952628,1.8,-0.55);
glVertex3f(-0.646564,1.8,-0.889919);

glVertex3f(-1.03923,1.6,-0.6);
glVertex3f(-1.19343,1.6,-0.125434);
glVertex3f(-1.09397,1.8,-0.114982);

glVertex3f(-1.03923,1.6,-0.6);
glVertex3f(-1.09397,1.8,-0.114982);
glVertex3f(-0.952628,1.8,-0.55);

glVertex3f(-1.19343,1.6,-0.125434);
glVertex3f(-1.14127,1.6,0.37082);
glVertex3f(-1.04616,1.8,0.339918);

glVertex3f(-1.19343,1.6,-0.125434);
glVertex3f(-1.04616,1.8,0.339918);
glVertex3f(-1.09397,1.8,-0.114982);

glVertex3f(-1.14127,1.6,0.37082);
glVertex3f(-0.891774,1.6,0.802957);
glVertex3f(-0.817459,1.8,0.736043);

glVertex3f(-1.14127,1.6,0.37082);
glVertex3f(-0.817459,1.8,0.736043);
glVertex3f(-1.04616,1.8,0.339918);

glVertex3f(-0.891774,1.6,0.802957);
glVertex3f(-0.488084,1.6,1.09625);
glVertex3f(-0.447411,1.8,1.0049);

glVertex3f(-0.891774,1.6,0.802957);
glVertex3f(-0.447411,1.8,1.0049);
glVertex3f(-0.817459,1.8,0.736043);

glVertex3f(-0.488084,1.6,1.09625);
glVertex3f(-3.6239e-07,1.6,1.2);
glVertex3f(-3.32191e-07,1.8,1.1);

glVertex3f(-0.488084,1.6,1.09625);
glVertex3f(-3.32191e-07,1.8,1.1);
glVertex3f(-0.447411,1.8,1.0049);

glVertex3f(0,1.8,1.1);
glVertex3f(0.44741,1.8,1.0049);
glVertex3f(0.406737,2,0.913545);

glVertex3f(0,1.8,1.1);
glVertex3f(0.406737,2,0.913545);
glVertex3f(0,2,1);

glVertex3f(0.44741,1.8,1.0049);
glVertex3f(0.817459,1.8,0.736044);
glVertex3f(0.743145,2,0.669131);

glVertex3f(0.44741,1.8,1.0049);
glVertex3f(0.743145,2,0.669131);
glVertex3f(0.406737,2,0.913545);

glVertex3f(0.817459,1.8,0.736044);
glVertex3f(1.04616,1.8,0.339919);
glVertex3f(0.951056,2,0.309017);

glVertex3f(0.817459,1.8,0.736044);
glVertex3f(0.951056,2,0.309017);
glVertex3f(0.743145,2,0.669131);

glVertex3f(1.04616,1.8,0.339919);
glVertex3f(1.09397,1.8,-0.114981);
glVertex3f(0.994522,2,-0.104528);

glVertex3f(1.04616,1.8,0.339919);
glVertex3f(0.994522,2,-0.104528);
glVertex3f(0.951056,2,0.309017);

glVertex3f(1.09397,1.8,-0.114981);
glVertex3f(0.952628,1.8,-0.55);
glVertex3f(0.866025,2,-0.5);

glVertex3f(1.09397,1.8,-0.114981);
glVertex3f(0.866025,2,-0.5);
glVertex3f(0.994522,2,-0.104528);

glVertex3f(0.952628,1.8,-0.55);
glVertex3f(0.646564,1.8,-0.889919);
glVertex3f(0.587785,2,-0.809017);

glVertex3f(0.952628,1.8,-0.55);
glVertex3f(0.587785,2,-0.809017);
glVertex3f(0.866025,2,-0.5);

glVertex3f(0.646564,1.8,-0.889919);
glVertex3f(0.228703,1.8,-1.07596);
glVertex3f(0.207912,2,-0.978148);

glVertex3f(0.646564,1.8,-0.889919);
glVertex3f(0.207912,2,-0.978148);
glVertex3f(0.587785,2,-0.809017);

glVertex3f(0.228703,1.8,-1.07596);
glVertex3f(-0.228703,1.8,-1.07596);
glVertex3f(-0.207912,2,-0.978148);

glVertex3f(0.228703,1.8,-1.07596);
glVertex3f(-0.207912,2,-0.978148);
glVertex3f(0.207912,2,-0.978148);

glVertex3f(-0.228703,1.8,-1.07596);
glVertex3f(-0.646564,1.8,-0.889919);
glVertex3f(-0.587785,2,-0.809017);

glVertex3f(-0.228703,1.8,-1.07596);
glVertex3f(-0.587785,2,-0.809017);
glVertex3f(-0.207912,2,-0.978148);

glVertex3f(-0.646564,1.8,-0.889919);
glVertex3f(-0.952628,1.8,-0.55);
glVertex3f(-0.866025,2,-0.5);

glVertex3f(-0.646564,1.8,-0.889919);
glVertex3f(-0.866025,2,-0.5);
glVertex3f(-0.587785,2,-0.809017);

glVertex3f(-0.952628,1.8,-0.55);
glVertex3f(-1.09397,1.8,-0.114982);
glVertex3f(-0.994522,2,-0.104529);

glVertex3f(-0.952628,1.8,-0.55);
glVertex3f(-0.994522,2,-0.104529);
glVertex3f(-0.866025,2,-0.5);

glVertex3f(-1.09397,1.8,-0.114982);
glVertex3f(-1.04616,1.8,0.339918);
glVertex3f(-0.951057,2,0.309017);

glVertex3f(-1.09397,1.8,-0.114982);
glVertex3f(-0.951057,2,0.309017);
glVertex3f(-0.994522,2,-0.104529);

glVertex3f(-1.04616,1.8,0.339918);
glVertex3f(-0.817459,1.8,0.736043);
glVertex3f(-0.743145,2,0.66913);

glVertex3f(-1.04616,1.8,0.339918);
glVertex3f(-0.743145,2,0.66913);
glVertex3f(-0.951057,2,0.309017);

glVertex3f(-0.817459,1.8,0.736043);
glVertex3f(-0.447411,1.8,1.0049);
glVertex3f(-0.406737,2,0.913545);

glVertex3f(-0.817459,1.8,0.736043);
glVertex3f(-0.406737,2,0.913545);
glVertex3f(-0.743145,2,0.66913);

glVertex3f(-0.447411,1.8,1.0049);
glVertex3f(-3.32191e-07,1.8,1.1);
glVertex3f(-3.01992e-07,2,1);

glVertex3f(-0.447411,1.8,1.0049);
glVertex3f(-3.01992e-07,2,1);
glVertex3f(-0.406737,2,0.913545);

glVertex3f(0,2,1);
glVertex3f(0.406737,2,0.913545);
glVertex3f(0.366063,2.2,0.822191);

glVertex3f(0,2,1);
glVertex3f(0.366063,2.2,0.822191);
glVertex3f(0,2.2,0.9);

glVertex3f(0.406737,2,0.913545);
glVertex3f(0.743145,2,0.669131);
glVertex3f(0.66883,2.2,0.602218);

glVertex3f(0.406737,2,0.913545);
glVertex3f(0.66883,2.2,0.602218);
glVertex3f(0.366063,2.2,0.822191);

glVertex3f(0.743145,2,0.669131);
glVertex3f(0.951056,2,0.309017);
glVertex3f(0.855951,2.2,0.278115);

glVertex3f(0.743145,2,0.669131);
glVertex3f(0.855951,2.2,0.278115);
glVertex3f(0.66883,2.2,0.602218);

glVertex3f(0.951056,2,0.309017);
glVertex3f(0.994522,2,-0.104528);
glVertex3f(0.89507,2.2,-0.0940755);

glVertex3f(0.951056,2,0.309017);
glVertex3f(0.89507,2.2,-0.0940755);
glVertex3f(0.855951,2.2,0.278115);

glVertex3f(0.994522,2,-0.104528);
glVertex3f(0.866025,2,-0.5);
glVertex3f(0.779423,2.2,-0.45);

glVertex3f(0.994522,2,-0.104528);
glVertex3f(0.779423,2.2,-0.45);
glVertex3f(0.89507,2.2,-0.0940755);

glVertex3f(0.866025,2,-0.5);
glVertex3f(0.587785,2,-0.809017);
glVertex3f(0.529007,2.2,-0.728115);

glVertex3f(0.866025,2,-0.5);
glVertex3f(0.529007,2.2,-0.728115);
glVertex3f(0.779423,2.2,-0.45);

glVertex3f(0.587785,2,-0.809017);
glVertex3f(0.207912,2,-0.978148);
glVertex3f(0.187121,2.2,-0.880333);

glVertex3f(0.587785,2,-0.809017);
glVertex3f(0.187121,2.2,-0.880333);
glVertex3f(0.529007,2.2,-0.728115);

glVertex3f(0.207912,2,-0.978148);
glVertex3f(-0.207912,2,-0.978148);
glVertex3f(-0.18712,2.2,-0.880333);

glVertex3f(0.207912,2,-0.978148);
glVertex3f(-0.18712,2.2,-0.880333);
glVertex3f(0.187121,2.2,-0.880333);

glVertex3f(-0.207912,2,-0.978148);
glVertex3f(-0.587785,2,-0.809017);
glVertex3f(-0.529007,2.2,-0.728115);

glVertex3f(-0.207912,2,-0.978148);
glVertex3f(-0.529007,2.2,-0.728115);
glVertex3f(-0.18712,2.2,-0.880333);

glVertex3f(-0.587785,2,-0.809017);
glVertex3f(-0.866025,2,-0.5);
glVertex3f(-0.779423,2.2,-0.45);

glVertex3f(-0.587785,2,-0.809017);
glVertex3f(-0.779423,2.2,-0.45);
glVertex3f(-0.529007,2.2,-0.728115);

glVertex3f(-0.866025,2,-0.5);
glVertex3f(-0.994522,2,-0.104529);
glVertex3f(-0.89507,2.2,-0.0940758);

glVertex3f(-0.866025,2,-0.5);
glVertex3f(-0.89507,2.2,-0.0940758);
glVertex3f(-0.779423,2.2,-0.45);

glVertex3f(-0.994522,2,-0.104529);
glVertex3f(-0.951057,2,0.309017);
glVertex3f(-0.855951,2.2,0.278115);

glVertex3f(-0.994522,2,-0.104529);
glVertex3f(-0.855951,2.2,0.278115);
glVertex3f(-0.89507,2.2,-0.0940758);

glVertex3f(-0.951057,2,0.309017);
glVertex3f(-0.743145,2,0.66913);
glVertex3f(-0.66883,2.2,0.602217);

glVertex3f(-0.951057,2,0.309017);
glVertex3f(-0.66883,2.2,0.602217);
glVertex3f(-0.855951,2.2,0.278115);

glVertex3f(-0.743145,2,0.66913);
glVertex3f(-0.406737,2,0.913545);
glVertex3f(-0.366063,2.2,0.822191);

glVertex3f(-0.743145,2,0.66913);
glVertex3f(-0.366063,2.2,0.822191);
glVertex3f(-0.66883,2.2,0.602217);

glVertex3f(-0.406737,2,0.913545);
glVertex3f(-3.01992e-07,2,1);
glVertex3f(-2.71792e-07,2.2,0.9);

glVertex3f(-0.406737,2,0.913545);
glVertex3f(-2.71792e-07,2.2,0.9);
glVertex3f(-0.366063,2.2,0.822191);

glVertex3f(0,2.2,0.9);
glVertex3f(0.366063,2.2,0.822191);
glVertex3f(0.325389,2.4,0.730836);

glVertex3f(0,2.2,0.9);
glVertex3f(0.325389,2.4,0.730836);
glVertex3f(0,2.4,0.8);

glVertex3f(0.366063,2.2,0.822191);
glVertex3f(0.66883,2.2,0.602218);
glVertex3f(0.594516,2.4,0.535304);

glVertex3f(0.366063,2.2,0.822191);
glVertex3f(0.594516,2.4,0.535304);
glVertex3f(0.325389,2.4,0.730836);

glVertex3f(0.66883,2.2,0.602218);
glVertex3f(0.855951,2.2,0.278115);
glVertex3f(0.760845,2.4,0.247214);

glVertex3f(0.66883,2.2,0.602218);
glVertex3f(0.760845,2.4,0.247214);
glVertex3f(0.594516,2.4,0.535304);

glVertex3f(0.855951,2.2,0.278115);
glVertex3f(0.89507,2.2,-0.0940755);
glVertex3f(0.795617,2.4,-0.0836227);

glVertex3f(0.855951,2.2,0.278115);
glVertex3f(0.795617,2.4,-0.0836227);
glVertex3f(0.760845,2.4,0.247214);

glVertex3f(0.89507,2.2,-0.0940755);
glVertex3f(0.779423,2.2,-0.45);
glVertex3f(0.69282,2.4,-0.4);

glVertex3f(0.89507,2.2,-0.0940755);
glVertex3f(0.69282,2.4,-0.4);
glVertex3f(0.795617,2.4,-0.0836227);

glVertex3f(0.779423,2.2,-0.45);
glVertex3f(0.529007,2.2,-0.728115);
glVertex3f(0.470228,2.4,-0.647214);

glVertex3f(0.779423,2.2,-0.45);
glVertex3f(0.470228,2.4,-0.647214);
glVertex3f(0.69282,2.4,-0.4);

glVertex3f(0.529007,2.2,-0.728115);
glVertex3f(0.187121,2.2,-0.880333);
glVertex3f(0.166329,2.4,-0.782518);

glVertex3f(0.529007,2.2,-0.728115);
glVertex3f(0.166329,2.4,-0.782518);
glVertex3f(0.470228,2.4,-0.647214);

glVertex3f(0.187121,2.2,-0.880333);
glVertex3f(-0.18712,2.2,-0.880333);
glVertex3f(-0.166329,2.4,-0.782518);

glVertex3f(0.187121,2.2,-0.880333);
glVertex3f(-0.166329,2.4,-0.782518);
glVertex3f(0.166329,2.4,-0.782518);

glVertex3f(-0.18712,2.2,-0.880333);
glVertex3f(-0.529007,2.2,-0.728115);
glVertex3f(-0.470228,2.4,-0.647214);

glVertex3f(-0.18712,2.2,-0.880333);
glVertex3f(-0.470228,2.4,-0.647214);
glVertex3f(-0.166329,2.4,-0.782518);

glVertex3f(-0.529007,2.2,-0.728115);
glVertex3f(-0.779423,2.2,-0.45);
glVertex3f(-0.69282,2.4,-0.4);

glVertex3f(-0.529007,2.2,-0.728115);
glVertex3f(-0.69282,2.4,-0.4);
glVertex3f(-0.470228,2.4,-0.647214);

glVertex3f(-0.779423,2.2,-0.45);
glVertex3f(-0.89507,2.2,-0.0940758);
glVertex3f(-0.795617,2.4,-0.0836229);

glVertex3f(-0.779423,2.2,-0.45);
glVertex3f(-0.795617,2.4,-0.0836229);
glVertex3f(-0.69282,2.4,-0.4);

glVertex3f(-0.89507,2.2,-0.0940758);
glVertex3f(-0.855951,2.2,0.278115);
glVertex3f(-0.760845,2.4,0.247213);

glVertex3f(-0.89507,2.2,-0.0940758);
glVertex3f(-0.760845,2.4,0.247213);
glVertex3f(-0.795617,2.4,-0.0836229);

glVertex3f(-0.855951,2.2,0.278115);
glVertex3f(-0.66883,2.2,0.602217);
glVertex3f(-0.594516,2.4,0.535304);

glVertex3f(-0.855951,2.2,0.278115);
glVertex3f(-0.594516,2.4,0.535304);
glVertex3f(-0.760845,2.4,0.247213);

glVertex3f(-0.66883,2.2,0.602217);
glVertex3f(-0.366063,2.2,0.822191);
glVertex3f(-0.32539,2.4,0.730836);

glVertex3f(-0.66883,2.2,0.602217);
glVertex3f(-0.32539,2.4,0.730836);
glVertex3f(-0.594516,2.4,0.535304);

glVertex3f(-0.366063,2.2,0.822191);
glVertex3f(-2.71792e-07,2.2,0.9);
glVertex3f(-2.41593e-07,2.4,0.8);

glVertex3f(-0.366063,2.2,0.822191);
glVertex3f(-2.41593e-07,2.4,0.8);
glVertex3f(-0.32539,2.4,0.730836);

glVertex3f(0,2.4,0.8);
glVertex3f(0.325389,2.4,0.730836);
glVertex3f(0.284716,2.6,0.639482);

glVertex3f(0,2.4,0.8);
glVertex3f(0.284716,2.6,0.639482);
glVertex3f(0,2.6,0.7);

glVertex3f(0.325389,2.4,0.730836);
glVertex3f(0.594516,2.4,0.535304);
glVertex3f(0.520201,2.6,0.468391);

glVertex3f(0.325389,2.4,0.730836);
glVertex3f(0.520201,2.6,0.468391);
glVertex3f(0.284716,2.6,0.639482);

glVertex3f(0.594516,2.4,0.535304);
glVertex3f(0.760845,2.4,0.247214);
glVertex3f(0.665739,2.6,0.216312);

glVertex3f(0.594516,2.4,0.535304);
glVertex3f(0.665739,2.6,0.216312);
glVertex3f(0.520201,2.6,0.468391);

glVertex3f(0.760845,2.4,0.247214);
glVertex3f(0.795617,2.4,-0.0836227);
glVertex3f(0.696165,2.6,-0.0731699);

glVertex3f(0.760845,2.4,0.247214);
glVertex3f(0.696165,2.6,-0.0731699);
glVertex3f(0.665739,2.6,0.216312);

glVertex3f(0.795617,2.4,-0.0836227);
glVertex3f(0.69282,2.4,-0.4);
glVertex3f(0.606218,2.6,-0.35);

glVertex3f(0.795617,2.4,-0.0836227);
glVertex3f(0.606218,2.6,-0.35);
glVertex3f(0.696165,2.6,-0.0731699);

glVertex3f(0.69282,2.4,-0.4);
glVertex3f(0.470228,2.4,-0.647214);
glVertex3f(0.41145,2.6,-0.566312);

glVertex3f(0.69282,2.4,-0.4);
glVertex3f(0.41145,2.6,-0.566312);
glVertex3f(0.606218,2.6,-0.35);

glVertex3f(0.470228,2.4,-0.647214);
glVertex3f(0.166329,2.4,-0.782518);
glVertex3f(0.145538,2.6,-0.684703);

glVertex3f(0.470228,2.4,-0.647214);
glVertex3f(0.145538,2.6,-0.684703);
glVertex3f(0.41145,2.6,-0.566312);

glVertex3f(0.166329,2.4,-0.782518);
glVertex3f(-0.166329,2.4,-0.782518);
glVertex3f(-0.145538,2.6,-0.684703);

glVertex3f(0.166329,2.4,-0.782518);
glVertex3f(-0.145538,2.6,-0.684703);
glVertex3f(0.145538,2.6,-0.684703);

glVertex3f(-0.166329,2.4,-0.782518);
glVertex3f(-0.470228,2.4,-0.647214);
glVertex3f(-0.41145,2.6,-0.566312);

glVertex3f(-0.166329,2.4,-0.782518);
glVertex3f(-0.41145,2.6,-0.566312);
glVertex3f(-0.145538,2.6,-0.684703);

glVertex3f(-0.470228,2.4,-0.647214);
glVertex3f(-0.69282,2.4,-0.4);
glVertex3f(-0.606218,2.6,-0.35);

glVertex3f(-0.470228,2.4,-0.647214);
glVertex3f(-0.606218,2.6,-0.35);
glVertex3f(-0.41145,2.6,-0.566312);

glVertex3f(-0.69282,2.4,-0.4);
glVertex3f(-0.795617,2.4,-0.0836229);
glVertex3f(-0.696165,2.6,-0.0731701);

glVertex3f(-0.69282,2.4,-0.4);
glVertex3f(-0.696165,2.6,-0.0731701);
glVertex3f(-0.606218,2.6,-0.35);

glVertex3f(-0.795617,2.4,-0.0836229);
glVertex3f(-0.760845,2.4,0.247213);
glVertex3f(-0.66574,2.6,0.216312);

glVertex3f(-0.795617,2.4,-0.0836229);
glVertex3f(-0.66574,2.6,0.216312);
glVertex3f(-0.696165,2.6,-0.0731701);

glVertex3f(-0.760845,2.4,0.247213);
glVertex3f(-0.594516,2.4,0.535304);
glVertex3f(-0.520201,2.6,0.468391);

glVertex3f(-0.760845,2.4,0.247213);
glVertex3f(-0.520201,2.6,0.468391);
glVertex3f(-0.66574,2.6,0.216312);

glVertex3f(-0.594516,2.4,0.535304);
glVertex3f(-0.32539,2.4,0.730836);
glVertex3f(-0.284716,2.6,0.639482);

glVertex3f(-0.594516,2.4,0.535304);
glVertex3f(-0.284716,2.6,0.639482);
glVertex3f(-0.520201,2.6,0.468391);

glVertex3f(-0.32539,2.4,0.730836);
glVertex3f(-2.41593e-07,2.4,0.8);
glVertex3f(-2.11394e-07,2.6,0.7);

glVertex3f(-0.32539,2.4,0.730836);
glVertex3f(-2.11394e-07,2.6,0.7);
glVertex3f(-0.284716,2.6,0.639482);

glVertex3f(0,2.6,0.7);
glVertex3f(0.284716,2.6,0.639482);
glVertex3f(0.244042,2.8,0.548127);

glVertex3f(0,2.6,0.7);
glVertex3f(0.244042,2.8,0.548127);
glVertex3f(0,2.8,0.6);

glVertex3f(0.284716,2.6,0.639482);
glVertex3f(0.520201,2.6,0.468391);
glVertex3f(0.445887,2.8,0.401478);

glVertex3f(0.284716,2.6,0.639482);
glVertex3f(0.445887,2.8,0.401478);
glVertex3f(0.244042,2.8,0.548127);

glVertex3f(0.520201,2.6,0.468391);
glVertex3f(0.665739,2.6,0.216312);
glVertex3f(0.570634,2.8,0.18541);

glVertex3f(0.520201,2.6,0.468391);
glVertex3f(0.570634,2.8,0.18541);
glVertex3f(0.445887,2.8,0.401478);

glVertex3f(0.665739,2.6,0.216312);
glVertex3f(0.696165,2.6,-0.0731699);
glVertex3f(0.596713,2.8,-0.062717);

glVertex3f(0.665739,2.6,0.216312);
glVertex3f(0.596713,2.8,-0.062717);
glVertex3f(0.570634,2.8,0.18541);

glVertex3f(0.696165,2.6,-0.0731699);
glVertex3f(0.606218,2.6,-0.35);
glVertex3f(0.519615,2.8,-0.3);

glVertex3f(0.696165,2.6,-0.0731699);
glVertex3f(0.519615,2.8,-0.3);
glVertex3f(0.596713,2.8,-0.062717);

glVertex3f(0.606218,2.6,-0.35);
glVertex3f(0.41145,2.6,-0.566312);
glVertex3f(0.352671,2.8,-0.48541);

glVertex3f(0.606218,2.6,-0.35);
glVertex3f(0.352671,2.8,-0.48541);
glVertex3f(0.519615,2.8,-0.3);

glVertex3f(0.41145,2.6,-0.566312);
glVertex3f(0.145538,2.6,-0.684703);
glVertex3f(0.124747,2.8,-0.586889);

glVertex3f(0.41145,2.6,-0.566312);
glVertex3f(0.124747,2.8,-0.586889);
glVertex3f(0.352671,2.8,-0.48541);

glVertex3f(0.145538,2.6,-0.684703);
glVertex3f(-0.145538,2.6,-0.684703);
glVertex3f(-0.124747,2.8,-0.586889);

glVertex3f(0.145538,2.6,-0.684703);
glVertex3f(-0.124747,2.8,-0.586889);
glVertex3f(0.124747,2.8,-0.586889);

glVertex3f(-0.145538,2.6,-0.684703);
glVertex3f(-0.41145,2.6,-0.566312);
glVertex3f(-0.352671,2.8,-0.48541);

glVertex3f(-0.145538,2.6,-0.684703);
glVertex3f(-0.352671,2.8,-0.48541);
glVertex3f(-0.124747,2.8,-0.586889);

glVertex3f(-0.41145,2.6,-0.566312);
glVertex3f(-0.606218,2.6,-0.35);
glVertex3f(-0.519615,2.8,-0.3);

glVertex3f(-0.41145,2.6,-0.566312);
glVertex3f(-0.519615,2.8,-0.3);
glVertex3f(-0.352671,2.8,-0.48541);

glVertex3f(-0.606218,2.6,-0.35);
glVertex3f(-0.696165,2.6,-0.0731701);
glVertex3f(-0.596713,2.8,-0.0627172);

glVertex3f(-0.606218,2.6,-0.35);
glVertex3f(-0.596713,2.8,-0.0627172);
glVertex3f(-0.519615,2.8,-0.3);

glVertex3f(-0.696165,2.6,-0.0731701);
glVertex3f(-0.66574,2.6,0.216312);
glVertex3f(-0.570634,2.8,0.18541);

glVertex3f(-0.696165,2.6,-0.0731701);
glVertex3f(-0.570634,2.8,0.18541);
glVertex3f(-0.596713,2.8,-0.0627172);

glVertex3f(-0.66574,2.6,0.216312);
glVertex3f(-0.520201,2.6,0.468391);
glVertex3f(-0.445887,2.8,0.401478);

glVertex3f(-0.66574,2.6,0.216312);
glVertex3f(-0.445887,2.8,0.401478);
glVertex3f(-0.570634,2.8,0.18541);

glVertex3f(-0.520201,2.6,0.468391);
glVertex3f(-0.284716,2.6,0.639482);
glVertex3f(-0.244042,2.8,0.548127);

glVertex3f(-0.520201,2.6,0.468391);
glVertex3f(-0.244042,2.8,0.548127);
glVertex3f(-0.445887,2.8,0.401478);

glVertex3f(-0.284716,2.6,0.639482);
glVertex3f(-2.11394e-07,2.6,0.7);
glVertex3f(-1.81195e-07,2.8,0.6);

glVertex3f(-0.284716,2.6,0.639482);
glVertex3f(-1.81195e-07,2.8,0.6);
glVertex3f(-0.244042,2.8,0.548127);

glVertex3f(0,2.8,0.6);
glVertex3f(0.244042,2.8,0.548127);
glVertex3f(0.203368,3,0.456773);

glVertex3f(0,2.8,0.6);
glVertex3f(0.203368,3,0.456773);
glVertex3f(0,3,0.5);

glVertex3f(0.244042,2.8,0.548127);
glVertex3f(0.445887,2.8,0.401478);
glVertex3f(0.371572,3,0.334565);

glVertex3f(0.244042,2.8,0.548127);
glVertex3f(0.371572,3,0.334565);
glVertex3f(0.203368,3,0.456773);

glVertex3f(0.445887,2.8,0.401478);
glVertex3f(0.570634,2.8,0.18541);
glVertex3f(0.475528,3,0.154509);

glVertex3f(0.445887,2.8,0.401478);
glVertex3f(0.475528,3,0.154509);
glVertex3f(0.371572,3,0.334565);

glVertex3f(0.570634,2.8,0.18541);
glVertex3f(0.596713,2.8,-0.062717);
glVertex3f(0.497261,3,-0.0522642);

glVertex3f(0.570634,2.8,0.18541);
glVertex3f(0.497261,3,-0.0522642);
glVertex3f(0.475528,3,0.154509);

glVertex3f(0.596713,2.8,-0.062717);
glVertex3f(0.519615,2.8,-0.3);
glVertex3f(0.433013,3,-0.25);

glVertex3f(0.596713,2.8,-0.062717);
glVertex3f(0.433013,3,-0.25);
glVertex3f(0.497261,3,-0.0522642);

glVertex3f(0.519615,2.8,-0.3);
glVertex3f(0.352671,2.8,-0.48541);
glVertex3f(0.293893,3,-0.404508);

glVertex3f(0.519615,2.8,-0.3);
glVertex3f(0.293893,3,-0.404508);
glVertex3f(0.433013,3,-0.25);

glVertex3f(0.352671,2.8,-0.48541);
glVertex3f(0.124747,2.8,-0.586889);
glVertex3f(0.103956,3,-0.489074);

glVertex3f(0.352671,2.8,-0.48541);
glVertex3f(0.103956,3,-0.489074);
glVertex3f(0.293893,3,-0.404508);

glVertex3f(0.124747,2.8,-0.586889);
glVertex3f(-0.124747,2.8,-0.586889);
glVertex3f(-0.103956,3,-0.489074);

glVertex3f(0.124747,2.8,-0.586889);
glVertex3f(-0.103956,3,-0.489074);
glVertex3f(0.103956,3,-0.489074);

glVertex3f(-0.124747,2.8,-0.586889);
glVertex3f(-0.352671,2.8,-0.48541);
glVertex3f(-0.293893,3,-0.404509);

glVertex3f(-0.124747,2.8,-0.586889);
glVertex3f(-0.293893,3,-0.404509);
glVertex3f(-0.103956,3,-0.489074);

glVertex3f(-0.352671,2.8,-0.48541);
glVertex3f(-0.519615,2.8,-0.3);
glVertex3f(-0.433013,3,-0.25);

glVertex3f(-0.352671,2.8,-0.48541);
glVertex3f(-0.433013,3,-0.25);
glVertex3f(-0.293893,3,-0.404509);

glVertex3f(-0.519615,2.8,-0.3);
glVertex3f(-0.596713,2.8,-0.0627172);
glVertex3f(-0.497261,3,-0.0522643);

glVertex3f(-0.519615,2.8,-0.3);
glVertex3f(-0.497261,3,-0.0522643);
glVertex3f(-0.433013,3,-0.25);

glVertex3f(-0.596713,2.8,-0.0627172);
glVertex3f(-0.570634,2.8,0.18541);
glVertex3f(-0.475528,3,0.154508);

glVertex3f(-0.596713,2.8,-0.0627172);
glVertex3f(-0.475528,3,0.154508);
glVertex3f(-0.497261,3,-0.0522643);

glVertex3f(-0.570634,2.8,0.18541);
glVertex3f(-0.445887,2.8,0.401478);
glVertex3f(-0.371572,3,0.334565);

glVertex3f(-0.570634,2.8,0.18541);
glVertex3f(-0.371572,3,0.334565);
glVertex3f(-0.475528,3,0.154508);

glVertex3f(-0.445887,2.8,0.401478);
glVertex3f(-0.244042,2.8,0.548127);
glVertex3f(-0.203368,3,0.456773);

glVertex3f(-0.445887,2.8,0.401478);
glVertex3f(-0.203368,3,0.456773);
glVertex3f(-0.371572,3,0.334565);

glVertex3f(-0.244042,2.8,0.548127);
glVertex3f(-1.81195e-07,2.8,0.6);
glVertex3f(-1.50996e-07,3,0.5);

glVertex3f(-0.244042,2.8,0.548127);
glVertex3f(-1.50996e-07,3,0.5);
glVertex3f(-0.203368,3,0.456773);

glVertex3f(0,3,0.5);
glVertex3f(0.203368,3,0.456773);
glVertex3f(0.162695,3.2,0.365418);

glVertex3f(0,3,0.5);
glVertex3f(0.162695,3.2,0.365418);
glVertex3f(0,3.2,0.4);

glVertex3f(0.203368,3,0.456773);
glVertex3f(0.371572,3,0.334565);
glVertex3f(0.297258,3.2,0.267652);

glVertex3f(0.203368,3,0.456773);
glVertex3f(0.297258,3.2,0.267652);
glVertex3f(0.162695,3.2,0.365418);

glVertex3f(0.371572,3,0.334565);
glVertex3f(0.475528,3,0.154509);
glVertex3f(0.380423,3.2,0.123607);

glVertex3f(0.371572,3,0.334565);
glVertex3f(0.380423,3.2,0.123607);
glVertex3f(0.297258,3.2,0.267652);

glVertex3f(0.475528,3,0.154509);
glVertex3f(0.497261,3,-0.0522642);
glVertex3f(0.397809,3.2,-0.0418114);

glVertex3f(0.475528,3,0.154509);
glVertex3f(0.397809,3.2,-0.0418114);
glVertex3f(0.380423,3.2,0.123607);

glVertex3f(0.497261,3,-0.0522642);
glVertex3f(0.433013,3,-0.25);
glVertex3f(0.34641,3.2,-0.2);

glVertex3f(0.497261,3,-0.0522642);
glVertex3f(0.34641,3.2,-0.2);
glVertex3f(0.397809,3.2,-0.0418114);

glVertex3f(0.433013,3,-0.25);
glVertex3f(0.293893,3,-0.404508);
glVertex3f(0.235114,3.2,-0.323607);

glVertex3f(0.433013,3,-0.25);
glVertex3f(0.235114,3.2,-0.323607);
glVertex3f(0.34641,3.2,-0.2);

glVertex3f(0.293893,3,-0.404508);
glVertex3f(0.103956,3,-0.489074);
glVertex3f(0.0831647,3.2,-0.391259);

glVertex3f(0.293893,3,-0.404508);
glVertex3f(0.0831647,3.2,-0.391259);
glVertex3f(0.235114,3.2,-0.323607);

glVertex3f(0.103956,3,-0.489074);
glVertex3f(-0.103956,3,-0.489074);
glVertex3f(-0.0831646,3.2,-0.391259);

glVertex3f(0.103956,3,-0.489074);
glVertex3f(-0.0831646,3.2,-0.391259);
glVertex3f(0.0831647,3.2,-0.391259);

glVertex3f(-0.103956,3,-0.489074);
glVertex3f(-0.293893,3,-0.404509);
glVertex3f(-0.235114,3.2,-0.323607);

glVertex3f(-0.103956,3,-0.489074);
glVertex3f(-0.235114,3.2,-0.323607);
glVertex3f(-0.0831646,3.2,-0.391259);

glVertex3f(-0.293893,3,-0.404509);
glVertex3f(-0.433013,3,-0.25);
glVertex3f(-0.34641,3.2,-0.2);

glVertex3f(-0.293893,3,-0.404509);
glVertex3f(-0.34641,3.2,-0.2);
glVertex3f(-0.235114,3.2,-0.323607);

glVertex3f(-0.433013,3,-0.25);
glVertex3f(-0.497261,3,-0.0522643);
glVertex3f(-0.397809,3.2,-0.0418115);

glVertex3f(-0.433013,3,-0.25);
glVertex3f(-0.397809,3.2,-0.0418115);
glVertex3f(-0.34641,3.2,-0.2);

glVertex3f(-0.497261,3,-0.0522643);
glVertex3f(-0.475528,3,0.154508);
glVertex3f(-0.380423,3.2,0.123607);

glVertex3f(-0.497261,3,-0.0522643);
glVertex3f(-0.380423,3.2,0.123607);
glVertex3f(-0.397809,3.2,-0.0418115);

glVertex3f(-0.475528,3,0.154508);
glVertex3f(-0.371572,3,0.334565);
glVertex3f(-0.297258,3.2,0.267652);

glVertex3f(-0.475528,3,0.154508);
glVertex3f(-0.297258,3.2,0.267652);
glVertex3f(-0.380423,3.2,0.123607);

glVertex3f(-0.371572,3,0.334565);
glVertex3f(-0.203368,3,0.456773);
glVertex3f(-0.162695,3.2,0.365418);

glVertex3f(-0.371572,3,0.334565);
glVertex3f(-0.162695,3.2,0.365418);
glVertex3f(-0.297258,3.2,0.267652);

glVertex3f(-0.203368,3,0.456773);
glVertex3f(-1.50996e-07,3,0.5);
glVertex3f(-1.20797e-07,3.2,0.4);

glVertex3f(-0.203368,3,0.456773);
glVertex3f(-1.20797e-07,3.2,0.4);
glVertex3f(-0.162695,3.2,0.365418);

glVertex3f(0,3.2,0.4);
glVertex3f(0.162695,3.2,0.365418);
glVertex3f(0.122021,3.4,0.274064);

glVertex3f(0,3.2,0.4);
glVertex3f(0.122021,3.4,0.274064);
glVertex3f(0,3.4,0.3);

glVertex3f(0.162695,3.2,0.365418);
glVertex3f(0.297258,3.2,0.267652);
glVertex3f(0.222943,3.4,0.200739);

glVertex3f(0.162695,3.2,0.365418);
glVertex3f(0.222943,3.4,0.200739);
glVertex3f(0.122021,3.4,0.274064);

glVertex3f(0.297258,3.2,0.267652);
glVertex3f(0.380423,3.2,0.123607);
glVertex3f(0.285317,3.4,0.0927051);

glVertex3f(0.297258,3.2,0.267652);
glVertex3f(0.285317,3.4,0.0927051);
glVertex3f(0.222943,3.4,0.200739);

glVertex3f(0.380423,3.2,0.123607);
glVertex3f(0.397809,3.2,-0.0418114);
glVertex3f(0.298357,3.4,-0.0313585);

glVertex3f(0.380423,3.2,0.123607);
glVertex3f(0.298357,3.4,-0.0313585);
glVertex3f(0.285317,3.4,0.0927051);

glVertex3f(0.397809,3.2,-0.0418114);
glVertex3f(0.34641,3.2,-0.2);
glVertex3f(0.259808,3.4,-0.15);

glVertex3f(0.397809,3.2,-0.0418114);
glVertex3f(0.259808,3.4,-0.15);
glVertex3f(0.298357,3.4,-0.0313585);

glVertex3f(0.34641,3.2,-0.2);
glVertex3f(0.235114,3.2,-0.323607);
glVertex3f(0.176336,3.4,-0.242705);

glVertex3f(0.34641,3.2,-0.2);
glVertex3f(0.176336,3.4,-0.242705);
glVertex3f(0.259808,3.4,-0.15);

glVertex3f(0.235114,3.2,-0.323607);
glVertex3f(0.0831647,3.2,-0.391259);
glVertex3f(0.0623735,3.4,-0.293444);

glVertex3f(0.235114,3.2,-0.323607);
glVertex3f(0.0623735,3.4,-0.293444);
glVertex3f(0.176336,3.4,-0.242705);

glVertex3f(0.0831647,3.2,-0.391259);
glVertex3f(-0.0831646,3.2,-0.391259);
glVertex3f(-0.0623735,3.4,-0.293444);

glVertex3f(0.0831647,3.2,-0.391259);
glVertex3f(-0.0623735,3.4,-0.293444);
glVertex3f(0.0623735,3.4,-0.293444);

glVertex3f(-0.0831646,3.2,-0.391259);
glVertex3f(-0.235114,3.2,-0.323607);
glVertex3f(-0.176335,3.4,-0.242705);

glVertex3f(-0.0831646,3.2,-0.391259);
glVertex3f(-0.176335,3.4,-0.242705);
glVertex3f(-0.0623735,3.4,-0.293444);

glVertex3f(-0.235114,3.2,-0.323607);
glVertex3f(-0.34641,3.2,-0.2);
glVertex3f(-0.259808,3.4,-0.15);

glVertex3f(-0.235114,3.2,-0.323607);
glVertex3f(-0.259808,3.4,-0.15);
glVertex3f(-0.176335,3.4,-0.242705);

glVertex3f(-0.34641,3.2,-0.2);
glVertex3f(-0.397809,3.2,-0.0418115);
glVertex3f(-0.298357,3.4,-0.0313586);

glVertex3f(-0.34641,3.2,-0.2);
glVertex3f(-0.298357,3.4,-0.0313586);
glVertex3f(-0.259808,3.4,-0.15);

glVertex3f(-0.397809,3.2,-0.0418115);
glVertex3f(-0.380423,3.2,0.123607);
glVertex3f(-0.285317,3.4,0.092705);

glVertex3f(-0.397809,3.2,-0.0418115);
glVertex3f(-0.285317,3.4,0.092705);
glVertex3f(-0.298357,3.4,-0.0313586);

glVertex3f(-0.380423,3.2,0.123607);
glVertex3f(-0.297258,3.2,0.267652);
glVertex3f(-0.222943,3.4,0.200739);

glVertex3f(-0.380423,3.2,0.123607);
glVertex3f(-0.222943,3.4,0.200739);
glVertex3f(-0.285317,3.4,0.092705);

glVertex3f(-0.297258,3.2,0.267652);
glVertex3f(-0.162695,3.2,0.365418);
glVertex3f(-0.122021,3.4,0.274064);

glVertex3f(-0.297258,3.2,0.267652);
glVertex3f(-0.122021,3.4,0.274064);
glVertex3f(-0.222943,3.4,0.200739);

glVertex3f(-0.162695,3.2,0.365418);
glVertex3f(-1.20797e-07,3.2,0.4);
glVertex3f(-9.05975e-08,3.4,0.3);

glVertex3f(-0.162695,3.2,0.365418);
glVertex3f(-9.05975e-08,3.4,0.3);
glVertex3f(-0.122021,3.4,0.274064);

glVertex3f(0,3.4,0.3);
glVertex3f(0.122021,3.4,0.274064);
glVertex3f(0.0813473,3.6,0.182709);

glVertex3f(0,3.4,0.3);
glVertex3f(0.0813473,3.6,0.182709);
glVertex3f(0,3.6,0.2);

glVertex3f(0.122021,3.4,0.274064);
glVertex3f(0.222943,3.4,0.200739);
glVertex3f(0.148629,3.6,0.133826);

glVertex3f(0.122021,3.4,0.274064);
glVertex3f(0.148629,3.6,0.133826);
glVertex3f(0.0813473,3.6,0.182709);

glVertex3f(0.222943,3.4,0.200739);
glVertex3f(0.285317,3.4,0.0927051);
glVertex3f(0.190211,3.6,0.0618034);

glVertex3f(0.222943,3.4,0.200739);
glVertex3f(0.190211,3.6,0.0618034);
glVertex3f(0.148629,3.6,0.133826);

glVertex3f(0.285317,3.4,0.0927051);
glVertex3f(0.298357,3.4,-0.0313585);
glVertex3f(0.198904,3.6,-0.0209057);

glVertex3f(0.285317,3.4,0.0927051);
glVertex3f(0.198904,3.6,-0.0209057);
glVertex3f(0.190211,3.6,0.0618034);

glVertex3f(0.298357,3.4,-0.0313585);
glVertex3f(0.259808,3.4,-0.15);
glVertex3f(0.173205,3.6,-0.0999999);

glVertex3f(0.298357,3.4,-0.0313585);
glVertex3f(0.173205,3.6,-0.0999999);
glVertex3f(0.198904,3.6,-0.0209057);

glVertex3f(0.259808,3.4,-0.15);
glVertex3f(0.176336,3.4,-0.242705);
glVertex3f(0.117557,3.6,-0.161803);

glVertex3f(0.259808,3.4,-0.15);
glVertex3f(0.117557,3.6,-0.161803);
glVertex3f(0.173205,3.6,-0.0999999);

glVertex3f(0.176336,3.4,-0.242705);
glVertex3f(0.0623735,3.4,-0.293444);
glVertex3f(0.0415823,3.6,-0.195629);

glVertex3f(0.176336,3.4,-0.242705);
glVertex3f(0.0415823,3.6,-0.195629);
glVertex3f(0.117557,3.6,-0.161803);

glVertex3f(0.0623735,3.4,-0.293444);
glVertex3f(-0.0623735,3.4,-0.293444);
glVertex3f(-0.0415823,3.6,-0.195629);

glVertex3f(0.0623735,3.4,-0.293444);
glVertex3f(-0.0415823,3.6,-0.195629);
glVertex3f(0.0415823,3.6,-0.195629);

glVertex3f(-0.0623735,3.4,-0.293444);
glVertex3f(-0.176335,3.4,-0.242705);
glVertex3f(-0.117557,3.6,-0.161803);

glVertex3f(-0.0623735,3.4,-0.293444);
glVertex3f(-0.117557,3.6,-0.161803);
glVertex3f(-0.0415823,3.6,-0.195629);

glVertex3f(-0.176335,3.4,-0.242705);
glVertex3f(-0.259808,3.4,-0.15);
glVertex3f(-0.173205,3.6,-0.1);

glVertex3f(-0.176335,3.4,-0.242705);
glVertex3f(-0.173205,3.6,-0.1);
glVertex3f(-0.117557,3.6,-0.161803);

glVertex3f(-0.259808,3.4,-0.15);
glVertex3f(-0.298357,3.4,-0.0313586);
glVertex3f(-0.198904,3.6,-0.0209057);

glVertex3f(-0.259808,3.4,-0.15);
glVertex3f(-0.198904,3.6,-0.0209057);
glVertex3f(-0.173205,3.6,-0.1);

glVertex3f(-0.298357,3.4,-0.0313586);
glVertex3f(-0.285317,3.4,0.092705);
glVertex3f(-0.190211,3.6,0.0618033);

glVertex3f(-0.298357,3.4,-0.0313586);
glVertex3f(-0.190211,3.6,0.0618033);
glVertex3f(-0.198904,3.6,-0.0209057);

glVertex3f(-0.285317,3.4,0.092705);
glVertex3f(-0.222943,3.4,0.200739);
glVertex3f(-0.148629,3.6,0.133826);

glVertex3f(-0.285317,3.4,0.092705);
glVertex3f(-0.148629,3.6,0.133826);
glVertex3f(-0.190211,3.6,0.0618033);

glVertex3f(-0.222943,3.4,0.200739);
glVertex3f(-0.122021,3.4,0.274064);
glVertex3f(-0.0813474,3.6,0.182709);

glVertex3f(-0.222943,3.4,0.200739);
glVertex3f(-0.0813474,3.6,0.182709);
glVertex3f(-0.148629,3.6,0.133826);

glVertex3f(-0.122021,3.4,0.274064);
glVertex3f(-9.05975e-08,3.4,0.3);
glVertex3f(-6.03983e-08,3.6,0.2);

glVertex3f(-0.122021,3.4,0.274064);
glVertex3f(-6.03983e-08,3.6,0.2);
glVertex3f(-0.0813474,3.6,0.182709);

glVertex3f(0,3.6,0.2);
glVertex3f(0.0813473,3.6,0.182709);
glVertex3f(0.0406737,3.8,0.0913546);

glVertex3f(0,3.6,0.2);
glVertex3f(0.0406737,3.8,0.0913546);
glVertex3f(0,3.8,0.1);

glVertex3f(0.0813473,3.6,0.182709);
glVertex3f(0.148629,3.6,0.133826);
glVertex3f(0.0743145,3.8,0.0669131);

glVertex3f(0.0813473,3.6,0.182709);
glVertex3f(0.0743145,3.8,0.0669131);
glVertex3f(0.0406737,3.8,0.0913546);

glVertex3f(0.148629,3.6,0.133826);
glVertex3f(0.190211,3.6,0.0618034);
glVertex3f(0.0951057,3.8,0.0309017);

glVertex3f(0.148629,3.6,0.133826);
glVertex3f(0.0951057,3.8,0.0309017);
glVertex3f(0.0743145,3.8,0.0669131);

glVertex3f(0.190211,3.6,0.0618034);
glVertex3f(0.198904,3.6,-0.0209057);
glVertex3f(0.0994522,3.8,-0.0104528);

glVertex3f(0.190211,3.6,0.0618034);
glVertex3f(0.0994522,3.8,-0.0104528);
glVertex3f(0.0951057,3.8,0.0309017);

glVertex3f(0.198904,3.6,-0.0209057);
glVertex3f(0.173205,3.6,-0.0999999);
glVertex3f(0.0866026,3.8,-0.05);

glVertex3f(0.198904,3.6,-0.0209057);
glVertex3f(0.0866026,3.8,-0.05);
glVertex3f(0.0994522,3.8,-0.0104528);

glVertex3f(0.173205,3.6,-0.0999999);
glVertex3f(0.117557,3.6,-0.161803);
glVertex3f(0.0587786,3.8,-0.0809017);

glVertex3f(0.173205,3.6,-0.0999999);
glVertex3f(0.0587786,3.8,-0.0809017);
glVertex3f(0.0866026,3.8,-0.05);

glVertex3f(0.117557,3.6,-0.161803);
glVertex3f(0.0415823,3.6,-0.195629);
glVertex3f(0.0207912,3.8,-0.0978148);

glVertex3f(0.117557,3.6,-0.161803);
glVertex3f(0.0207912,3.8,-0.0978148);
glVertex3f(0.0587786,3.8,-0.0809017);

glVertex3f(0.0415823,3.6,-0.195629);
glVertex3f(-0.0415823,3.6,-0.195629);
glVertex3f(-0.0207912,3.8,-0.0978148);

glVertex3f(0.0415823,3.6,-0.195629);
glVertex3f(-0.0207912,3.8,-0.0978148);
glVertex3f(0.0207912,3.8,-0.0978148);

glVertex3f(-0.0415823,3.6,-0.195629);
glVertex3f(-0.117557,3.6,-0.161803);
glVertex3f(-0.0587785,3.8,-0.0809017);

glVertex3f(-0.0415823,3.6,-0.195629);
glVertex3f(-0.0587785,3.8,-0.0809017);
glVertex3f(-0.0207912,3.8,-0.0978148);

glVertex3f(-0.117557,3.6,-0.161803);
glVertex3f(-0.173205,3.6,-0.1);
glVertex3f(-0.0866026,3.8,-0.05);

glVertex3f(-0.117557,3.6,-0.161803);
glVertex3f(-0.0866026,3.8,-0.05);
glVertex3f(-0.0587785,3.8,-0.0809017);

glVertex3f(-0.173205,3.6,-0.1);
glVertex3f(-0.198904,3.6,-0.0209057);
glVertex3f(-0.0994522,3.8,-0.0104529);

glVertex3f(-0.173205,3.6,-0.1);
glVertex3f(-0.0994522,3.8,-0.0104529);
glVertex3f(-0.0866026,3.8,-0.05);

glVertex3f(-0.198904,3.6,-0.0209057);
glVertex3f(-0.190211,3.6,0.0618033);
glVertex3f(-0.0951057,3.8,0.0309017);

glVertex3f(-0.198904,3.6,-0.0209057);
glVertex3f(-0.0951057,3.8,0.0309017);
glVertex3f(-0.0994522,3.8,-0.0104529);

glVertex3f(-0.190211,3.6,0.0618033);
glVertex3f(-0.148629,3.6,0.133826);
glVertex3f(-0.0743145,3.8,0.0669131);

glVertex3f(-0.190211,3.6,0.0618033);
glVertex3f(-0.0743145,3.8,0.0669131);
glVertex3f(-0.0951057,3.8,0.0309017);

glVertex3f(-0.148629,3.6,0.133826);
glVertex3f(-0.0813474,3.6,0.182709);
glVertex3f(-0.0406737,3.8,0.0913546);

glVertex3f(-0.148629,3.6,0.133826);
glVertex3f(-0.0406737,3.8,0.0913546);
glVertex3f(-0.0743145,3.8,0.0669131);

glVertex3f(-0.0813474,3.6,0.182709);
glVertex3f(-6.03983e-08,3.6,0.2);
glVertex3f(-3.01992e-08,3.8,0.1);

glVertex3f(-0.0813474,3.6,0.182709);
glVertex3f(-3.01992e-08,3.8,0.1);
glVertex3f(-0.0406737,3.8,0.0913546);

glVertex3f(0,3.8,0.1);
glVertex3f(0.0406737,3.8,0.0913546);
glVertex3f(0,4,0);

glVertex3f(0,3.8,0.1);
glVertex3f(0,4,0);
glVertex3f(0,4,0);

glVertex3f(0.0406737,3.8,0.0913546);
glVertex3f(0.0743145,3.8,0.0669131);
glVertex3f(0,4,0);

glVertex3f(0.0406737,3.8,0.0913546);
glVertex3f(0,4,0);
glVertex3f(0,4,0);

glVertex3f(0.0743145,3.8,0.0669131);
glVertex3f(0.0951057,3.8,0.0309017);
glVertex3f(0,4,0);

glVertex3f(0.0743145,3.8,0.0669131);
glVertex3f(0,4,0);
glVertex3f(0,4,0);

glVertex3f(0.0951057,3.8,0.0309017);
glVertex3f(0.0994522,3.8,-0.0104528);
glVertex3f(0,4,-0);

glVertex3f(0.0951057,3.8,0.0309017);
glVertex3f(0,4,-0);
glVertex3f(0,4,0);

glVertex3f(0.0994522,3.8,-0.0104528);
glVertex3f(0.0866026,3.8,-0.05);
glVertex3f(0,4,-0);

glVertex3f(0.0994522,3.8,-0.0104528);
glVertex3f(0,4,-0);
glVertex3f(0,4,-0);

glVertex3f(0.0866026,3.8,-0.05);
glVertex3f(0.0587786,3.8,-0.0809017);
glVertex3f(0,4,-0);

glVertex3f(0.0866026,3.8,-0.05);
glVertex3f(0,4,-0);
glVertex3f(0,4,-0);

glVertex3f(0.0587786,3.8,-0.0809017);
glVertex3f(0.0207912,3.8,-0.0978148);
glVertex3f(0,4,-0);

glVertex3f(0.0587786,3.8,-0.0809017);
glVertex3f(0,4,-0);
glVertex3f(0,4,-0);

glVertex3f(0.0207912,3.8,-0.0978148);
glVertex3f(-0.0207912,3.8,-0.0978148);
glVertex3f(-0,4,-0);

glVertex3f(0.0207912,3.8,-0.0978148);
glVertex3f(-0,4,-0);
glVertex3f(0,4,-0);

glVertex3f(-0.0207912,3.8,-0.0978148);
glVertex3f(-0.0587785,3.8,-0.0809017);
glVertex3f(-0,4,-0);

glVertex3f(-0.0207912,3.8,-0.0978148);
glVertex3f(-0,4,-0);
glVertex3f(-0,4,-0);

glVertex3f(-0.0587785,3.8,-0.0809017);
glVertex3f(-0.0866026,3.8,-0.05);
glVertex3f(-0,4,-0);

glVertex3f(-0.0587785,3.8,-0.0809017);
glVertex3f(-0,4,-0);
glVertex3f(-0,4,-0);

glVertex3f(-0.0866026,3.8,-0.05);
glVertex3f(-0.0994522,3.8,-0.0104529);
glVertex3f(-0,4,-0);

glVertex3f(-0.0866026,3.8,-0.05);
glVertex3f(-0,4,-0);
glVertex3f(-0,4,-0);

glVertex3f(-0.0994522,3.8,-0.0104529);
glVertex3f(-0.0951057,3.8,0.0309017);
glVertex3f(-0,4,0);

glVertex3f(-0.0994522,3.8,-0.0104529);
glVertex3f(-0,4,0);
glVertex3f(-0,4,-0);

glVertex3f(-0.0951057,3.8,0.0309017);
glVertex3f(-0.0743145,3.8,0.0669131);
glVertex3f(-0,4,0);

glVertex3f(-0.0951057,3.8,0.0309017);
glVertex3f(-0,4,0);
glVertex3f(-0,4,0);

glVertex3f(-0.0743145,3.8,0.0669131);
glVertex3f(-0.0406737,3.8,0.0913546);
glVertex3f(-0,4,0);

glVertex3f(-0.0743145,3.8,0.0669131);
glVertex3f(-0,4,0);
glVertex3f(-0,4,0);

glVertex3f(-0.0406737,3.8,0.0913546);
glVertex3f(-3.01992e-08,3.8,0.1);
glVertex3f(-0,4,0);

glVertex3f(-0.0406737,3.8,0.0913546);
glVertex3f(-0,4,0);
glVertex3f(-0,4,0);

glEnd();